6 0.653125 0.44921875 0.1109375 0.0984375
6 0.63671875 0.55 0.08125 0.071875
6 0.52421875 0.50859375 0.071875 0.05625
6 0.4171875 0.49140625 0.0734375 0.05625
6 0.41796875 0.62265625 0.071875 0.0671875
6 0.28984375 0.62109375 0.0671875 0.0765625
6 0.509375 0.32734375 0.1640625 0.1515625
6 0.465625 0.15859375 0.1140625 0.1453125
6 0.11875 0.8953125 0.16875 0.1046875
6 0.5078125 0.8046875 0.1140625 0.0640625
6 0.6625 0.70625 0.0703125 0.046875
6 0.7453125 0.77421875 0.06875 0.05625
6 0.7984375 0.71796875 0.059375 0.05625
6 0.87734375 0.67890625 0.1015625 0.0671875
6 0.771875 0.60234375 0.1015625 0.084375
6 0.6640625 0.659375 0.05625 0.046875
6 0.2640625 0.7671875 0.0609375 0.046875