6 0.646875 0.5046875 0.075 0.053125
6 0.91484375 0.7625 0.1703125 0.196875
6 0.8484375 0.84296875 0.096875 0.1140625
6 0.7015625 0.70234375 0.103125 0.103125
6 0.60546875 0.7328125 0.1046875 0.0953125
6 0.471875 0.77109375 0.084375 0.071875
6 0.56640625 0.87109375 0.103125 0.1109375
6 0.7078125 0.8703125 0.1125 0.1234375
6 0.66328125 0.95390625 0.134375 0.0671875
6 0.42890625 0.95546875 0.1390625 0.0890625
6 0.55078125 0.5640625 0.0484375 0.046875
6 0.584375 0.53125 0.0390625 0.025
6 0.47578125 0.52421875 0.171875 0.153125
6 0.259375 0.74296875 0.3546875 0.2765625
6 0.1265625 0.9328125 0.153125 0.134375