6 0.66015625 0.6234375 0.2765625 0.2140625
6 0.30078125 0.83828125 0.45625 0.30625
6 0.7703125 0.9421875 0.3375 0.115625
6 0.9 0.77421875 0.1671875 0.1484375
6 0.3453125 0.44375 0.4015625 0.190625
6 0.69453125 0.396875 0.1578125 0.078125
6 0.8796875 0.46328125 0.146875 0.109375
6 0.96953125 0.54609375 0.0546875 0.0640625
6 0.6484375 0.19296875 0.15625 0.0640625
6 0.49765625 0.27734375 0.1953125 0.0765625
6 0.42109375 0.21171875 0.0875 0.04375
6 0.2359375 0.209375 0.1984375 0.084375
6 0.71875 0.1390625 0.103125 0.04375
6 0.6140625 0.1140625 0.1359375 0.05
6 0.3640625 0.146875 0.2515625 0.084375
6 0.7796875 0.08671875 0.184375 0.0828125
6 0.57890625 0.3484375 0.140625 0.0625
6 0.703125 0.2953125 0.065625 0.0421875
6 0.03671875 0.6765625 0.0734375 0.1125