6 0.15625 0.13828125 0.2484375 0.1734375
6 0.4625 0.1375 0.2640625 0.203125
6 0.7359375 0.02890625 0.2125 0.0578125
6 0.6203125 0.2046875 0.2078125 0.15
6 0.321875 0.390625 0.1453125 0.0875
6 0.39921875 0.4203125 0.1421875 0.0890625
6 0.0859375 0.46875 0.14375 0.115625
6 0.84140625 0.16328125 0.0984375 0.0859375
6 0.65625 0.325 0.084375 0.0578125
6 0.746875 0.27734375 0.0640625 0.0390625
6 0.834375 0.2421875 0.1125 0.0609375
6 0.7796875 0.296875 0.115625 0.075
6 0.621875 0.421875 0.1203125 0.075
6 0.090625 0.54921875 0.0875 0.0546875
6 0.23828125 0.52734375 0.0890625 0.0484375
6 0.315625 0.5359375 0.1046875 0.075