6 0.4625 0.78046875 0.3140625 0.153125
6 0.76015625 0.9078125 0.40625 0.1703125
6 0.38359375 0.93984375 0.3703125 0.1203125
6 0.759375 0.7828125 0.190625 0.1234375
6 0.7390625 0.69453125 0.1203125 0.053125
6 0.74453125 0.71875 0.121875 0.0609375
6 0.22265625 0.896875 0.096875 0.046875
6 0.215625 0.9390625 0.1265625 0.065625
6 0.38046875 0.715625 0.203125 0.0859375
6 0.60390625 0.68359375 0.184375 0.071875
6 0.42265625 0.6671875 0.1609375 0.0625
6 0.56953125 0.60625 0.1578125 0.059375
6 0.3765625 0.65546875 0.0984375 0.0484375