6 0.31796875 0.5875 0.2890625 0.23125
6 0.6234375 0.85234375 0.471875 0.2953125
6 0.15625 0.890625 0.3125 0.165625
6 0.06953125 0.68359375 0.1390625 0.1578125
6 0.66328125 0.47734375 0.409375 0.2171875
6 0.33125 0.35859375 0.1609375 0.0875
6 0.1359375 0.38515625 0.153125 0.11875
6 0.03125 0.44765625 0.0578125 0.0671875
6 0.41875 0.16875 0.159375 0.0734375
6 0.5484375 0.2828125 0.1984375 0.090625
6 0.63671875 0.234375 0.0890625 0.0484375
6 0.81875 0.2703125 0.2015625 0.096875
6 0.3609375 0.1015625 0.1046875 0.0515625
6 0.46875 0.0984375 0.1375 0.059375
6 0.70625 0.1828125 0.253125 0.1015625
6 0.3125 0.0421875 0.1875 0.084375
6 0.4546875 0.33515625 0.14375 0.071875
6 0.34375 0.2578125 0.0671875 0.0453125
6 0.925 0.77109375 0.096875 0.1171875