6 0.21875 0.4140625 0.071875 0.065625
6 0.41640625 0.3296875 0.259375 0.128125
6 0.8390625 0.709375 0.296875 0.334375
6 0.85078125 0.934375 0.1453125 0.13125
6 0.36484375 0.82109375 0.421875 0.3421875
6 0.20703125 0.62734375 0.0921875 0.0890625
6 0.46875 0.53046875 0.14375 0.10625
6 0.58359375 0.64609375 0.0671875 0.053125
6 0.678125 0.45390625 0.0671875 0.05625
6 0.31484375 0.40234375 0.125 0.090625
6 0.28046875 0.4734375 0.053125 0.04375
6 0.14765625 0.53359375 0.0671875 0.06875
6 0.14765625 0.70234375 0.0734375 0.071875
6 0.65546875 0.34921875 0.1765625 0.08125