6 0.3390625 0.5125 0.121875 0.1125
6 0.3796875 0.41875 0.0890625 0.08125
6 0.47890625 0.4859375 0.078125 0.065625
6 0.578125 0.52890625 0.0796875 0.065625
6 0.609375 0.40078125 0.0796875 0.0765625
6 0.73359375 0.4328125 0.0765625 0.084375
6 0.4484375 0.66484375 0.18125 0.1703125
6 0.45078125 0.83984375 0.13125 0.1578125
6 0.9375 0.20859375 0.125 0.1265625
6 0.565625 0.20234375 0.1203125 0.078125
6 0.3921875 0.26015625 0.0765625 0.05625
6 0.328125 0.17421875 0.075 0.0640625
6 0.26328125 0.215625 0.065625 0.0625
6 0.17734375 0.23515625 0.1078125 0.0796875
6 0.2609375 0.33515625 0.1109375 0.096875
6 0.3796875 0.30546875 0.0625 0.053125
6 0.79296875 0.29765625 0.0671875 0.0546875