6 0.7875 0.5609375 0.0671875 0.0609375
6 0.59765625 0.66171875 0.2578125 0.1078125
6 0.14453125 0.3203125 0.275 0.31875
6 0.1078125 0.08046875 0.128125 0.1609375
6 0.60625 0.16875 0.4046875 0.3140625
6 0.78125 0.34765625 0.0875 0.084375
6 0.528125 0.4671875 0.1390625 0.096875
6 0.40390625 0.36171875 0.0640625 0.0484375
6 0.3265625 0.56171875 0.065625 0.0515625
6 0.69296875 0.58046875 0.1203125 0.0828125
6 0.7203125 0.50703125 0.0515625 0.040625
6 0.8484375 0.4359375 0.0640625 0.065625
6 0.83359375 0.2671875 0.06875 0.0671875
6 0.35859375 0.6640625 0.175 0.0671875