6 0.6359375 0.5546875 0.078125 0.0578125
6 0.80390625 0.88984375 0.1875 0.2046875
6 0.709375 0.940625 0.103125 0.11875
6 0.6203125 0.75859375 0.109375 0.1078125
6 0.51953125 0.7546875 0.109375 0.1
6 0.38046875 0.7453125 0.0875 0.0765625
6 0.43515625 0.87109375 0.109375 0.1171875
6 0.56875 0.91875 0.11875 0.1296875
6 0.49765625 0.971875 0.1359375 0.05625
6 0.275 0.9109375 0.1421875 0.109375
6 0.52578125 0.57734375 0.0515625 0.0484375
6 0.56796875 0.55859375 0.0390625 0.0265625
6 0.46875 0.5140625 0.1796875 0.1625
6 0.19140625 0.64609375 0.3671875 0.296875
6 0.03671875 0.8078125 0.0734375 0.203125