6 0.80390625 0.8953125 0.240625 0.153125
6 0.49921875 0.86484375 0.253125 0.1828125
6 0.21015625 0.9609375 0.2046875 0.078125
6 0.35 0.78046875 0.2015625 0.1328125
6 0.665625 0.62734375 0.1421875 0.075
6 0.59140625 0.58984375 0.1421875 0.0765625
6 0.90859375 0.57421875 0.1390625 0.1046875
6 0.125 0.79921875 0.09375 0.078125
6 0.3265625 0.6578125 0.08125 0.05
6 0.23125 0.6953125 0.0625 0.034375
6 0.140625 0.72109375 0.1125 0.0515625
6 0.20078125 0.67265625 0.1125 0.0640625
6 0.3703125 0.56484375 0.1171875 0.065625
6 0.91171875 0.49375 0.0859375 0.046875
6 0.76328125 0.5 0.0875 0.040625
6 0.6875 0.48359375 0.1015625 0.065625