6 0.26171875 0.93828125 0.225 0.11875
6 0.5578125 0.86015625 0.2328125 0.1484375
6 0.8625 0.94140625 0.1890625 0.1125
6 0.6921875 0.75390625 0.1875 0.1046875
6 0.35625 0.6515625 0.1359375 0.0546875
6 0.4234375 0.603125 0.1328125 0.05625
6 0.1078125 0.6375 0.1265625 0.0859375
6 0.9171875 0.73671875 0.084375 0.065625
6 0.69609375 0.62890625 0.0765625 0.0390625
6 0.79609375 0.65078125 0.059375 0.025
6 0.88984375 0.6625 0.1078125 0.034375
6 0.82265625 0.6234375 0.10625 0.0484375
6 0.63828125 0.54375 0.1109375 0.0484375
6 0.0921875 0.55859375 0.08125 0.034375
6 0.23984375 0.54140625 0.084375 0.028125
6 0.3125 0.51328125 0.0953125 0.0515625