6 0.78359375 0.57578125 0.0703125 0.0640625
6 0.5890625 0.6671875 0.2609375 0.1203125
6 0.15390625 0.30234375 0.2890625 0.3296875
6 0.1328125 0.07109375 0.1375 0.1421875
6 0.6234375 0.175 0.415625 0.33125
6 0.78828125 0.3625 0.090625 0.0875
6 0.5296875 0.46875 0.1421875 0.103125
6 0.41171875 0.35703125 0.0671875 0.0515625
6 0.3234375 0.55234375 0.06875 0.0546875
6 0.68828125 0.590625 0.1234375 0.0875
6 0.7203125 0.51875 0.053125 0.0421875
6 0.85078125 0.4546875 0.065625 0.0671875
6 0.8453125 0.28515625 0.071875 0.0703125
6 0.35 0.65625 0.175 0.075