6 0.20703125 0.48515625 0.0625 0.0546875
6 0.378125 0.35546875 0.253125 0.078125
6 0.87890625 0.621875 0.2421875 0.29375
6 0.95234375 0.88203125 0.0953125 0.2109375
6 0.446875 0.84375 0.3765625 0.271875
6 0.24609375 0.69453125 0.0796875 0.075
6 0.47734375 0.5375 0.13125 0.08125
6 0.61640625 0.62109375 0.0609375 0.0421875
6 0.66171875 0.41171875 0.0609375 0.0453125
6 0.296875 0.45078125 0.1140625 0.06875
6 0.28125 0.52734375 0.046875 0.0359375
6 0.16640625 0.6171875 0.0578125 0.059375
6 0.20703125 0.78203125 0.0625 0.0609375
6 0.6140625 0.315625 0.1703125 0.046875