6 0.41875 0.46484375 0.4390625 0.371875
6 0.13671875 0.74140625 0.2734375 0.2640625
6 0.81953125 0.57109375 0.2671875 0.165625
6 0.8015625 0.6890625 0.26875 0.1734375
6 0.73515625 0.85625 0.2578125 0.2875
6 0.71171875 0.41328125 0.2796875 0.1671875
6 0.7015625 0.30703125 0.1625 0.0828125
6 0.4390625 0.14921875 0.1828125 0.1
6 0.6265625 0.21328125 0.1859375 0.10625
6 0.79453125 0.20546875 0.1515625 0.1125
6 0.72578125 0.12890625 0.1125 0.0671875
6 0.62265625 0.08515625 0.121875 0.0609375
6 0.51015625 0.090625 0.1234375 0.0640625
6 0.33125 0.07734375 0.090625 0.0484375
6 0.3703125 0.03359375 0.065625 0.03125
6 0.39609375 0.00625 0.0609375 0.0125
6 0.46171875 0.02578125 0.0625 0.0359375