6 0.63125 0.24921875 0.309375 0.1234375
6 0.3953125 0.04609375 0.40625 0.0921875
6 0.771875 0.09140625 0.3640625 0.159375
6 0.353125 0.14609375 0.184375 0.10625
6 0.3421875 0.2359375 0.1203125 0.0421875
6 0.3453125 0.2109375 0.1203125 0.05
6 0.89609375 0.221875 0.096875 0.0375
6 0.9171875 0.184375 0.1234375 0.053125
6 0.6859375 0.3375 0.2015625 0.065625
6 0.46484375 0.2921875 0.184375 0.053125
6 0.63046875 0.36953125 0.1609375 0.046875
6 0.47109375 0.3765625 0.1578125 0.04375
6 0.66953125 0.39609375 0.096875 0.0390625