6 0.34140625 0.05234375 0.2421875 0.1046875
6 0.61953125 0.15546875 0.2546875 0.1859375
6 0.91484375 0.128125 0.1703125 0.14375
6 0.73359375 0.28359375 0.203125 0.1359375
6 0.384375 0.32578125 0.14375 0.078125
6 0.4421875 0.38515625 0.1421875 0.078125
6 0.1375 0.296875 0.1390625 0.10625
6 0.95234375 0.3390625 0.09375 0.0796875
6 0.715625 0.40703125 0.0828125 0.0515625
6 0.81796875 0.403125 0.0625 0.034375
6 0.9125 0.4078125 0.1125 0.053125
6 0.8390625 0.434375 0.1125 0.065625
6 0.64375 0.48125 0.1171875 0.0671875
6 0.10859375 0.37109375 0.0859375 0.0484375
6 0.25078125 0.4140625 0.0875 0.0421875
6 0.31796875 0.4546875 0.103125 0.0671875